11715 11742 0.9682458365518541
13008 13051 0.9682458365518541
12717 12729 0.9660917830792959
79030 80364 0.9660917830792959
10927 10930 0.9636241116594316
83904 83906 0.9636241116594316
10916 10930 0.960768922830523
12727 12767 0.9574271077563381
69067 85825 0.9375
12489 12628 0.9333333333333332
94608 94464 0.9285714285714286
10916 10927 0.9258200997725515
13862 13883 0.9230769230769232
94615 85797 0.9230769230769232
96323 96470 0.9230769230769232
11654 11656 0.9198662110078
12931 12873 0.9198662110078
13079 13080 0.9146591207600472
66588 66589 0.9128709291752769
57092 57093 0.9090909090909091
10931 94507 0.9090909090909091
12588 94507 0.9090909090909091
57159 12502 0.9036961141150639
12515 12502 0.9036961141150639
36311 36304 0.8999999999999998
70706 11703 0.8970852271450606
12489 96475 0.8970852271450606
61966 4855 0.8944271909999159
61966 4863 0.8944271909999159
61966 4855 0.8944271909999159
61966 4863 0.8944271909999159
13243 13260 0.8894991799933215
13263 17806 0.8888888888888891
12039 12124 0.8823529411764706
12455 12119 0.8807048459279794
75109 75084 0.8703882797784892
85759 85816 0.8685990362153793
69123 69152 0.8666666666666666
12531 12875 0.8593378488473195
13413 13333 0.8593378488473195
13865 13869 0.8593378488473195
66565 66579 0.8571428571428571
13440 13446 0.8461538461538463
13869 13883 0.8461538461538463
94761 94763 0.8461538461538463
69123 69155 0.8391463916782737
12303 13417 0.8391463916782737
11508 11705 0.8362420100070909
96321 96323 0.8362420100070909
96321 96470 0.8362420100070909
69063 94561 0.8333333333333335
85738 94488 0.8320502943378437
11980 11982 0.8280786712108251
12628 96475 0.8280786712108251
12707 12729 0.8280786712108251
12097 12102 0.8235294117647058
10804 10820 0.8215838362577491
94747 94586 0.819891591749923
69072 94763 0.8153742483272114
67697 67699 0.8153742483272114
11417 11424 0.8111071056538127
12846 83920 0.8058229640253802
12847 12805 0.8040302522073697
69061 69135 0.8006407690254358
11987 10901 0.8006407690254358
85828 85895 0.8006407690254358
12707 12717 0.7999999999999999
4855 4863 0.7999999999999998
4855 4863 0.7999999999999998
4863 4855 0.7999999999999998
4855 4863 0.7999999999999998
12944 12988 0.79115480528524
11712 12042 0.7893522173763263
11712 80447 0.7893522173763263
94588 85808 0.7882407813680822
12455 12457 0.7877263614433762
11251 11386 0.7877263614433762
11724 11743 0.7833494518006403
12833 13419 0.7833494518006403
12763 85857 0.7826237921249264
12472 12370 0.778498944161523
96321 96328 0.778498944161523
12147 12158 0.7715167498104596
11480 11498 0.7715167498104596
12579 12737 0.769800358919501
12586 12737 0.769800358919501
12650 12693 0.769800358919501
13384 13396 0.769800358919501
12737 96514 0.769800358919501
56906 17804 0.7692307692307694
11796 11841 0.7692307692307694
13862 13869 0.7692307692307694
69139 94684 0.7590721152765897
96321 96326 0.7526178090063818
12212 11945 0.7500000000000001
12552 12556 0.7500000000000001
12072 12161 0.7500000000000001
57666 12034 0.75
69145 69155 0.75
56878 12872 0.74535599249993
12457 12119 0.74535599249993
12864 12872 0.74535599249993
69072 94761 0.7412493166611013
36452 12729 0.7349684152591671
12109 11452 0.7349684152591671
12156 12158 0.7349684152591671
12710 12729 0.7349684152591671
12219 11666 0.7276068751089989
69051 4933 0.7205766921228922
69051 4933 0.7205766921228922
10916 13240 0.7205766921228922
12552 12480 0.7205766921228922
12714 12785 0.7205766921228922
13865 13883 0.7161148740394329
96323 96328 0.7161148740394329
96390 96407 0.7161148740394329
12704 12708 0.7142857142857143
85916 85921 0.7142857142857143
36452 12707 0.710046946804693
36452 12717 0.710046946804693
69152 69155 0.710046946804693
12707 12710 0.710046946804693
12710 12717 0.710046946804693
94528 94450 0.7016464154456235
80527 80529 0.6963106238227914
69058 69061 0.6943650748294137
12169 11629 0.6943650748294137
94561 85829 0.6943650748294137
94523 94466 0.6933752452815365
69042 85823 0.6923076923076924
10930 13240 0.6923076923076924
12007 94529 0.6923076923076924
12957 94752 0.6923076923076924
13325 13332 0.6923076923076924
96326 96470 0.6923076923076924
11999 85980 0.6902684899626333
85834 85980 0.6902684899626333
24673 24674 0.6900655593423543
56612 56584 0.6900655593423543
12408 12381 0.6900655593423543
12043 96512 0.6900655593423543
11623 11638 0.6900655593423543
85785 85788 0.6900655593423543
57406 11741 0.6888467201936644
11737 11741 0.6888467201936644
85752 94595 0.6888467201936644
11911 12870 0.6837634587578276
11594 11620 0.6784005252999682
75138 75140 0.6726727939963125
11795 11255 0.6689936080056726
12849 12885 0.6681531047810609
69100 94553 0.6674238124719146
75107 94739 0.6671243849949912
10927 13240 0.6671243849949912
12569 12769 0.6671243849949912
12814 12769 0.6671243849949912
17775 17779 0.6671243849949912
94739 94748 0.6671243849949912
11877 96434 0.6666666666666667
11690 96434 0.6666666666666667
12906 94504 0.6666666666666667
12280 12293 0.6666666666666666
11920 11509 0.6666666666666666
12975 12984 0.6666666666666666
11827 11984 0.6507913734559685
12147 12156 0.649519052838329
11428 11441 0.649519052838329
11653 11659 0.6471502289294341
56567 11758 0.6454972243679028
11748 11758 0.6454972243679028
12506 12200 0.6454972243679028
12200 13095 0.6454972243679028
11502 11689 0.6454972243679028
12029 12047 0.6446583712203042
11225 13092 0.6446583712203042
13285 13290 0.6445033866354896
12820 94498 0.6445033866354896
13862 13865 0.6445033866354896
96328 96470 0.6445033866354896
12273 11398 0.6428571428571429
11885 11889 0.6428571428571429
12409 12095 0.6428571428571429
11407 11411 0.6428571428571429
69061 69130 0.6405126152203486
12556 13862 0.6405126152203486
12556 13883 0.6405126152203486
17849 12797 0.6405126152203486
17730 17733 0.6405126152203486
11866 11476 0.6363636363636364
11983 11225 0.6363636363636364
12278 12644 0.6324555320336759
94661 85912 0.6324555320336759
85904 85912 0.6324555320336759
11235 11256 0.625
94678 94690 0.6227991553292184
57406 11228 0.6210590034081188
75026 12040 0.6210590034081188
12266 12044 0.6210590034081188
11737 11228 0.6210590034081188
12418 12402 0.6210590034081188
12717 12769 0.6210590034081188
12043 12050 0.6172133998483678
11374 11398 0.6172133998483678
12708 12715 0.6172133998483678
94522 94530 0.6172133998483678
96323 96326 0.6153846153846154
36447 17725 0.6092717958449424
11825 12161 0.6092717958449424
11938 17725 0.6092717958449424
11457 12739 0.6092717958449424
11620 11642 0.6092717958449424
11223 11205 0.6085806194501846
56861 11504 0.6063390625908325
11493 11504 0.6063390625908325
94522 94538 0.6013377943029549
12277 12104 0.6
11839 11486 0.6
12272 94585 0.5962847939999439
85744 94479 0.5962847939999439
57278 13014 0.592999453328881
69058 69130 0.592999453328881
3499 12876 0.592999453328881
12206 12202 0.592999453328881
12487 12366 0.592999453328881
11508 11511 0.592999453328881
11419 11426 0.592999453328881
12876 3499 0.592999453328881
94619 94621 0.592999453328881
56972 56973 0.5853694070049636
13257 94506 0.5853694070049636
79076 94621 0.5853694070049636
13098 12777 0.583383351196948
57604 84622 0.5833333333333334
12575 12471 0.5833333333333334
11239 11482 0.5833333333333334
36285 11595 0.5809475019311126
69123 69145 0.5809475019311126
11711 11806 0.5773502691896258
11806 11993 0.5773502691896258
11806 96434 0.5773502691896258
11978 12083 0.5773502691896258
12068 12072 0.5773502691896258
12068 12161 0.5773502691896258
11594 11642 0.5773502691896258
4901 13089 0.5773502691896257
13089 4901 0.5773502691896257
22140 17804 0.5728918992315464
11212 12942 0.5728918992315464
96326 96328 0.5728918992315464
69027 94553 0.5720775535473553
11591 83862 0.5720775535473553
12988 13091 0.5716619504750294
66565 12052 0.5714285714285714
12565 12708 0.5714285714285714
11867 11473 0.5714285714285714
11220 11248 0.5714285714285714
13164 13387 0.5714285714285714
12959 94665 0.5714285714285714
12959 94491 0.5714285714285714
12729 12769 0.5714285714285714
94665 94491 0.5714285714285714
69062 69139 0.5640760748177662
12465 10874 0.5640760748177662
12466 13865 0.5636018619766345
36359 69145 0.5625
24319 66078 0.5604485383178051
69059 69135 0.5604485383178051
4964 4965 0.5604485383178051
4964 4965 0.5604485383178051
4965 4964 0.5604485383178051
12284 11954 0.5604485383178051
12552 13862 0.5604485383178051
12552 13883 0.5604485383178051
12556 12480 0.5604485383178051
12556 13869 0.5604485383178051
11835 12973 0.5604485383178051
11881 12056 0.5604485383178051
12441 12103 0.5604485383178051
12147 12154 0.5604485383178051
13007 13075 0.5604485383178051
12748 12756 0.5604485383178051
4964 4965 0.5604485383178051
12071 12077 0.5533985905294664
11751 13374 0.5520524474738834
11869 11871 0.5520524474738834
11906 12106 0.5520524474738834
12432 12769 0.5520524474738834
12465 79129 0.5520524474738834
11708 11484 0.5477225575051661
69027 69100 0.5454545454545454
11866 12981 0.5454545454545454
11866 12982 0.5454545454545454
11983 12847 0.5454545454545454
11476 12981 0.5454545454545454
11476 12982 0.5454545454545454
12981 12982 0.5454545454545454
69063 85829 0.5400617248673217
12575 12625 0.5400617248673217
11511 11497 0.5400617248673217
11248 12815 0.5400617248673217
12704 12715 0.5400617248673217
61964 13862 0.5384615384615385
12284 85739 0.5384615384615385
12567 12574 0.5384615384615385
12464 13883 0.5384615384615385
11508 11513 0.5384615384615385
12464 12466 0.5381382351970501
36359 69068 0.5345224838248488
69145 85802 0.5345224838248488
11709 12054 0.5345224838248488
12571 12708 0.5345224838248488
12367 12134 0.5345224838248488
12959 85904 0.5345224838248488
94665 85904 0.5345224838248488
94491 85904 0.5345224838248488
12272 12104 0.5333333333333332
12150 11697 0.5333333333333332
12942 12718 0.5333333333333332
57290 12498 0.5270462766947299
11817 11382 0.5270462766947299
12498 95559 0.5270462766947299
13089 94528 0.5270462766947299
12811 12805 0.5270462766947299
12862 12805 0.5270462766947299
22158 24383 0.5262348115842176
12464 10880 0.5262348115842176
94710 94466 0.5262348115842176
94723 94466 0.5262348115842176
12870 12712 0.5241424183609592
22093 22094 0.5222329678670935
75008 75009 0.5222329678670935
11825 12072 0.5222329678670935
11954 11983 0.5222329678670935
11954 11225 0.5222329678670935
11458 12739 0.5222329678670935
12815 12795 0.5222329678670935
12277 94585 0.521749194749951
12556 13865 0.521749194749951
11975 12086 0.521749194749951
12418 12426 0.521749194749951
12050 96512 0.521749194749951
12104 94585 0.521749194749951
12715 12745 0.521749194749951
12715 12786 0.521749194749951
12693 12720 0.5217491947499509
56584 12359 0.5188745216627709
69058 69135 0.5188745216627709
11947 13077 0.5188745216627709
12465 12474 0.5188745216627709
12478 11495 0.5188745216627709
12066 12073 0.5188745216627709
12141 12802 0.5188745216627709
11511 11513 0.5188745216627709
12814 12729 0.5188745216627709
13375 85740 0.5188745216627709
85731 94575 0.5188745216627709
94522 94575 0.5188745216627709
11940 11979 0.5185629788417315
11490 11498 0.5185629788417315
36359 69123 0.5163977794943222
36359 69152 0.5163977794943222
57292 80543 0.5163977794943222
12812 12817 0.5163977794943222
12858 12720 0.5163977794943222
12558 12433 0.5144957554275266
12702 12846 0.5118906968889915
12269 12910 0.50709255283711
11380 11382 0.50709255283711
69059 69138 0.5051814855409226
69073 85738 0.5051814855409226
69145 12818 0.5051814855409226
4958 12441 0.5051814855409226
12441 4958 0.5051814855409226
12471 12476 0.5051814855409226
13339 94530 0.5051814855409226
85897 85904 0.5051814855409226
12429 11674 0.5031152949374527
12284 11225 0.5017452060042545
12574 12981 0.5017452060042545
12574 12982 0.5017452060042545
11866 13075 0.5017452060042545
12440 12638 0.5017452060042545
12142 11597 0.5017452060042545
11573 11574 0.5017452060042545
11476 13075 0.5017452060042545
11149 12652 0.5017452060042545
12920 12797 0.5017452060042545
12981 13075 0.5017452060042545
12982 13075 0.5017452060042545
11887 11486 0.5012804118276031
12432 12814 0.5012804118276031
12044 12046 0.5012804118276031
11409 11395 0.5012804118276031
11409 11627 0.5012804118276031
12663 13329 0.5012804118276031
12814 12717 0.5012804118276031
12852 12868 0.5012804118276031
13417 85791 0.5012804118276031
85733 85757 0.5012804118276031
94564 94575 0.5012804118276031
69019 12516 0.5009794328681195
12354 12365 0.5007733956671914
69059 69061 0.5000000000000001
11711 11877 0.5000000000000001
11711 11690 0.5000000000000001
11711 96434 0.5000000000000001
11877 11993 0.5000000000000001
11954 11482 0.5000000000000001
11958 12815 0.5000000000000001
11993 11690 0.5000000000000001
11993 96434 0.5000000000000001
86344 86354 0.5000000000000001
57423 11746 0.5
66579 12052 0.5
66598 66599 0.5
12248 12252 0.5
12252 85730 0.5
11727 11644 0.5
11819 12802 0.5
11867 11979 0.5
11867 12324 0.5
12324 11473 0.5
12696 12925 0.5
12916 12905 0.5
12813 12729 0.5
